1 iteration loss value (stepSize = 0.01):
SCD:204.369286
BCD:207.460463
